100
717254217791314843
491116330653758733
803788079848555999
423038683745657620
951478585175960053
292488113895939460
759236822515479918
271125902310095727
217292937603258565
996414840731379066
507775867834175828
680283994778887053
625974164742237268
736049458281408369
697809658359748369
160225032344534232
149724381491942373
396896845664470496
224797761277480883
838633526952870297
208367949784096158
616987020406748335
694102241721601398
187565054739323429
716755528540505501
903307327227448982
698504612492568627
754471951129648489
101865626862442150
382412902822747326
823962431945276907
362996449163993394
223053077666410682
879267740535815523
808818481791344532
566810290173057948
814379550405748754
365127455015516349
999885612656311691
712326270725326970
940262902893927359
226702169330229446
338762898333144734
712369347538292516
822506768550155696
559608633464776948
966212272509203662
727371415948585362
545365354061147370
61229806321446328
380747916356857651
965583785485543442
104161014312045374
115320506708575237
416065760962715192
135814724336652179
886224477942974221
21481435016639690
253920927361261225
585200612421920391
125193449084918824
6563485666147016
293407548880792747
212590999557710740
889496450431724439
824210103858259169
673384066361323719
93544378239874296
909814344468976485
660527590726475398
590790492413295836
929730831932513260
517315766285430060
804567423887462437
296923414712536908
479770017785109323
694875668983040256
158525056428919152
20124217508351310
676061626085411974
394927574375930913
66881405782096646
270805691001145989
85924890397199827
121537816661360717
813576784517824558
468737810469373831
658537973667866540
562452226301913171
920489659956292056
621739679007094313
282401531382245643
133132320580137669
220754246288177428
6614429982558719
766833779099158299
928922426041192889
589771114171075090
687554688903213600
727595841379962032
